name: project_py
channels:
  - conda-forge
  - bioconda
  - defaults
dependencies:
  - blas=1.0=openblas
  - blast=2.16.0=hb260f6e_5
  - bzip2=1.0.8=hd037594_9
  - c-ares=1.34.6=hc919400_0
  - ca-certificates=2026.4.22=hbd8a1cb_0
  - certifi=2026.4.22=pyhd8ed1ab_0
  - curl=8.19.0=hd5a2499_0
  - entrez-direct=22.4=hd5f1084_0
  - icu=78.3=hef89b57_0
  - krb5=1.22.2=h385eeb1_0
  - libcurl=8.19.0=hd5a2499_0
  - libcxx=22.1.2=h55c6f16_0
  - libedit=3.1.20250104=pl5321hafb1f1b_0
  - libev=4.33=h93a5062_2
  - libexpat=2.7.5=hf6b4638_0
  - libffi=3.5.2=hcf2aa1b_0
  - libgfortran=15.2.0=h09d7db9_1
  - libgfortran5=15.2.0=hb654fa1_1
  - libiconv=1.18=h23cfdf5_2
  - libidn2=2.3.8=ha90df94_1
  - libintl=0.25.1=h493aca8_0
  - liblzma=5.8.3=h8088a28_0
  - libmpdec=4.0.0=h84a0fba_1
  - libnghttp2=1.68.1=h8f3e76b_0
  - libopenblas=0.3.31=h7813bb4_2
  - libsqlite=3.52.0=h1ae2325_0
  - libssh2=1.11.1=h1590b86_0
  - libunistring=0.9.10=h3422bc3_0
  - libzlib=1.3.2=h8088a28_2
  - llvm-openmp=22.1.2=h4714345_0
  - ncbi-vdb=3.4.1=hfc726f9_0
  - ncurses=6.5=h5e97a16_3
  - numpy=2.4.4=py314hde9b8b7_1
  - numpy-base=2.4.4=py314hb4b2851_1
  - openssl=3.6.2=hd24854e_0
  - pandas=3.0.2=py314heb7d0cc_0
  - pcre2=10.47=h30297fc_0
  - perl=5.32.1=7_h4614cfb_perl5
  - perl-archive-tar=3.04=pl5321hdfd78af_0
  - perl-carp=1.38=pl5321hdfd78af_4
  - perl-common-sense=3.75=pl5321hdfd78af_0
  - perl-compress-raw-bzip2=2.214=pl5321h2ddc596_0
  - perl-compress-raw-zlib=2.214=pl5321ha1c2b25_0
  - perl-encode=3.21=pl5321h5505292_1
  - perl-exporter=5.72=pl5321hdfd78af_2
  - perl-exporter-tiny=1.002002=pl5321hdfd78af_0
  - perl-extutils-makemaker=7.70=pl5321hd8ed1ab_0
  - perl-io-compress=2.216=pl5321haef7865_0
  - perl-io-zlib=1.15=pl5321hdfd78af_1
  - perl-json=4.11=pl5321hdfd78af_0
  - perl-json-xs=4.04=pl5321h4675bf2_0
  - perl-list-moreutils=0.430=pl5321hdfd78af_0
  - perl-list-moreutils-xs=0.430=pl5321hbdacb55_5
  - perl-parent=0.236=pl5321hdfd78af_2
  - perl-pathtools=3.75=pl5321hc71e825_2
  - perl-scalar-list-utils=1.70=pl5321h44e845a_0
  - perl-storable=3.15=pl5321hc71e825_2
  - perl-types-serialiser=1.01=pl5321hdfd78af_0
  - pip=26.0.1=pyh145f28c_0
  - python=3.14.4=h4c637c5_100_cp314
  - python-dateutil=2.9.0post0=py314hca03da5_2
  - python_abi=3.14=8_cp314
  - readline=8.3=h46df422_0
  - rpsbproc=0.5.1=hf8bb5b5_0
  - six=1.17.0=py314hca03da5_0
  - tk=8.6.13=h010d191_3
  - tzdata=2025c=hc9c84f9_1
  - wget=1.25.0=h7ba78b2_1
  - zlib=1.3.2=h8088a28_2
  - zstd=1.5.7=hbf9d68e_6
prefix: /opt/homebrew/anaconda3/envs/project_py
